Soul_keeper.png
size:4035,2348
filter:Linear,Linear
pma:true
scale:0.7
0
bounds:2064,1269,130,122
offsets:2,2,134,125
000
bounds:850,311,404,227
offsets:0,0,404,228
00000
bounds:2,1190,512,1156
11
bounds:2007,88,434,662
1111
bounds:850,11,339,298
offsets:1,0,340,298
111111
bounds:3589,640,399,644
2
bounds:2517,500,892,891
offsets:41,43,979,977
2222
bounds:3539,23,315,315
offsets:2,2,319,319
222222
bounds:1280,1077,43,63
3333
bounds:2603,3,199,199
333333
bounds:1349,1269,713,1077
4444
bounds:2,22,197,568
5
bounds:2880,71,218,427
55
bounds:2443,204,435,294
offsets:2,0,438,295
5555
bounds:3411,1286,488,232
offsets:1,0,489,232
555555
bounds:1280,85,553,665
555555_2
bounds:3411,632,176,652
555555_3
bounds:3566,1568,251,778
555555_4
bounds:3819,1701,214,645
555555_5
bounds:1835,21,170,729
6
bounds:1280,1039,36,36
offsets:2,2,39,43
6666
bounds:3100,153,437,345
offsets:1,1,438,346
7
bounds:1280,1142,51,55
offsets:1,2,56,58
7777
bounds:1349,752,1166,515
7777777
bounds:3539,340,461,290
offsets:1,0,463,291
8
bounds:1280,1199,56,66
offsets:11,2,69,78
8888
bounds:516,1267,831,1079
888888
bounds:2196,1281,207,110
8999999
bounds:201,74,282,270
9
bounds:2405,1314,77,77
offsets:2,6,85,86
999
bounds:2064,1393,876,953
co
bounds:492,12,356,526
sung
bounds:2942,1520,622,826
than2
bounds:516,540,762,725
tp
bounds:201,346,289,244
tp2
bounds:2443,2,158,200
z
bounds:2,592,505,596
offsets:8,5,517,607
